113.397605 23.070778 广州大学城中大1号场
  1 113.397681 23.070903
  2 113.397533 23.070903
  3 113.397533 23.070649
  4 113.397681 23.070649

113.397416 23.070782 广州大学城中大2号场
  1 113.397488 23.070903
  2 113.397344 23.070903
  3 113.397344 23.070649
  4 113.397488 23.070649

113.397236 23.070770 广州大学城中大3号场
  1 113.397308 23.070903
  2 113.397165 23.070903
  3 113.397165 23.070649
  4 113.397308 23.070649

113.397043 23.070774 广州大学城中大4号场
  1 113.397115 23.070903
  2 113.396967 23.070903
  3 113.396967 23.070649
  4 113.397115 23.070649

113.397605 23.071065 广州大学城中大5号场
  1 113.397681 23.071194
  2 113.397533 23.071194
  3 113.397533 23.070936
  4 113.397681 23.070936

113.397416 23.071069 广州大学城中大6号场
  1 113.397488 23.071194
  2 113.397344 23.071194
  3 113.397344 23.070936
  4 113.397488 23.070936

113.397236 23.071073 广州大学城中大7号场
  1 113.397308 23.071194
  2 113.397165 23.071194
  3 113.397165 23.070936
  4 113.397308 23.070936

113.397043 23.071069 广州大学城中大8号场
  1 113.397115 23.071194
  2 113.396967 23.071194
  3 113.396967 23.070936
  4 113.397115 23.070936

113.397591 23.071435 广州大学城中大9号场
  1 113.397672 23.071555
  2 113.397519 23.071555
  3 113.397519 23.071302
  4 113.397672 23.071302

113.397403 23.071431 广州大学城中大10号场
  1 113.397483 23.071555
  2 113.397335 23.071555
  3 113.397335 23.071302
  4 113.397483 23.071302

113.397223 23.071431 广州大学城中大11号场
  1 113.397299 23.071555
  2 113.397147 23.071555
  3 113.397147 23.071302
  4 113.397299 23.071302

113.397043 23.071435 广州大学城中大12号场
  1 113.397112 23.071555
  2 113.396976 23.071555
  3 113.396976 23.071302
  4 113.397112 23.071302

113.397591 23.071709 广州大学城中大13号场
  1 113.397672 23.071838
  2 113.397519 23.071838
  3 113.397519 23.071589
  4 113.397672 23.071589

113.397407 23.071709 广州大学城中大14号场
  1 113.397483 23.071838
  2 113.397335 23.071838
  3 113.397335 23.071589
  4 113.397483 23.071589

113.397227 23.071709 广州大学城中大15号场
  1 113.397299 23.071838
  2 113.397147 23.071838
  3 113.397147 23.071589
  4 113.397299 23.071589

113.397043 23.071709 广州大学城中大16号场
  1 113.397112 23.071838
  2 113.396976 23.071838
  3 113.396976 23.071589
  4 113.397112 23.071589

113.397596 23.071992 广州大学城中大17号场
  1 113.397672 23.072125
  2 113.397519 23.072125
  3 113.397519 23.071867
  4 113.397672 23.071867

113.397416 23.071992 广州大学城中大18号场
  1 113.397483 23.072125
  2 113.397335 23.072125
  3 113.397335 23.071867
  4 113.397483 23.071867
